available: 8 nodes (0-7)
node 0 cpus: 0 1 2 3 4 5 6 7 8 9 10 11 12 13 14 15 16 17 18 19 20 21 22 23
node 0 size: 96429 MB
node 0 free: 64139 MB
node 1 cpus: 24 25 26 27 28 29 30 31 32 33 34 35 36 37 38 39 40 41 42 43 44 45 46 47
node 1 size: 96761 MB
node 1 free: 66544 MB
node 2 cpus: 48 49 50 51 52 53 54 55 56 57 58 59 60 61 62 63 64 65 66 67 68 69 70 71
node 2 size: 96761 MB
node 2 free: 62299 MB
node 3 cpus: 72 73 74 75 76 77 78 79 80 81 82 83 84 85 86 87 88 89 90 91 92 93 94 95
node 3 size: 96761 MB
node 3 free: 56936 MB
node 4 cpus: 96 97 98 99 100 101 102 103 104 105 106 107 108 109 110 111 112 113 114 115 116 117 118 119
node 4 size: 96714 MB
node 4 free: 37346 MB
node 5 cpus: 120 121 122 123 124 125 126 127 128 129 130 131 132 133 134 135 136 137 138 139 140 141 142 143
node 5 size: 96761 MB
node 5 free: 58268 MB
node 6 cpus: 144 145 146 147 148 149 150 151 152 153 154 155 156 157 158 159 160 161 162 163 164 165 166 167
node 6 size: 96761 MB
node 6 free: 22713 MB
node 7 cpus: 168 169 170 171 172 173 174 175 176 177 178 179 180 181 182 183 184 185 186 187 188 189 190 191
node 7 size: 96707 MB
node 7 free: 391 MB
node distances:
node   0   1   2   3   4   5   6   7 
  0:  10  12  12  12  32  32  32  32 
  1:  12  10  12  12  32  32  32  32 
  2:  12  12  10  12  32  32  32  32 
  3:  12  12  12  10  32  32  32  32 
  4:  32  32  32  32  10  12  12  12 
  5:  32  32  32  32  12  10  12  12 
  6:  32  32  32  32  12  12  10  12 
  7:  32  32  32  32  12  12  12  10 
