tag	label	C	dur_s	req_s	out_tps	in_tps	total_tps	ttft_mean_ms	ttft_p50_ms	ttft_p99_ms	tpot_mean_ms	tpot_p50_ms	tpot_p99_ms	itl_mean_ms	e2e_mean_ms	e2e_p99_ms	completed
muse30_---	router	256	114.9	17.961	2299	18392	20691	3163	3177	9343	87.14	87.1	110.48	87.14	14230	20205	2048
muse30_---	router	1024	349.2	23.662	3029	24230	27259	5493	3478	35198	296.76	312.53	335.57	296.76	43181	74574	8192
muse30_---	promptopt	1024	272.3	30.279	7751	108519	116271	4685	4771	19775	114.05	117.18	130.4	114.05	33767	49094	8192
muse30_---	judge	512	804.5	5.131	2627	21018	23645	8535	4720	70179	178.23	188.26	192.74	178.23	99608	165841	4096
